[[-1.1782687 ]
 [-1.9358626 ]
 [-0.72401596]
 [-1.30644306]
 [-1.3317698 ]
 [-1.35639501]
 [-0.22346499]
 [ 0.33723414]
 [-0.09109861]
 [-0.89509855]
 [-0.4500824 ]
 [-0.8330887 ]
 [-1.4293795 ]
 [-1.03017393]
 [-1.02286098]
 [-1.37374493]
 [-1.13732824]
 [-0.45431271]
 [-0.94758689]
 [-1.9904218 ]
 [-0.69185248]
 [-0.04253734]
 [-0.61468465]
 [-0.91884795]
 [-0.92130026]
 [-1.15262981]
 [-1.55808174]
 [-1.05027428]
 [-1.19089278]
 [-0.95730553]]
[[-0.73236748]
 [-1.16125357]
 [-0.65512463]
 [-1.10587025]
 [-2.64960925]
 [-1.1848261 ]
 [-1.12372989]
 [-0.53992788]
 [-0.634088  ]
 [-1.19584989]
 [-1.42789753]
 [-0.92957971]]
